0.462666 0.282357 0.169755 0.682352 
0.740484 0.728906 0.810259 0.177902 
0.916058 0.172775 0.984268 0.464663 
0.534984 0.075100 0.303592 0.896268 
2 
2 
1 
0 

3.291794 2.221185 1.459905 2.299123 1.459905 1.228514 1.901397 1.228514 1.227888 2.530514 
1.227888 3.291794 2.221185 2.654192 2.654192 2.221185 2.530514 1.749292 1.228514 1.227888 
1.459905 2.722566 2.530514 2.530514 2.530514 2.049057 1.749292 2.530514 1.400016 2.221185 
2.530514 2.722566 1.227888 2.722566 2.470625 1.901397 1.400016 2.722566 1.400016 1.228514 
1.400016 2.221185 2.299123 1.400016 2.470625 1.400016 2.654192 1.400016 1.227888 2.530514 
2.299123 1.749292 1.400016 2.654192 2.299123 2.422800 2.470625 1.749292 2.722566 1.901397 
2.221185 2.049057 1.459905 2.221185 2.470625 2.221185 1.227888 1.228514 2.530514 2.221185 
2.299123 2.722566 1.400016 2.470625 3.291794 3.291794 2.299123 2.221185 2.722566 1.227888 
1.749292 1.901397 1.749292 2.049057 1.901397 1.400016 1.228514 1.228514 1.749292 2.722566 
1.901397 1.400016 1.901397 2.049057 2.422800 1.227888 2.470625 1.227888 2.470625 1.901397 
2.654192 1.400016 2.470625 1.227888 2.470625 2.221185 3.291794 2.299123 2.530514 1.901397 
1.980683 1.749292 1.227888 1.459905 2.221185 2.722566 1.228514 1.459905 2.654192 1.227888 
2.422800 2.470625 2.470625 2.299123 2.049057 2.422800 2.299123 1.400016 1.400016 1.901397 
2.654192 2.299123 3.291794 1.980683 3.291794 3.291794 3.291794 2.530514 2.654192 2.299123 
2.654192 2.049057 1.227888 1.400016 2.221185 2.221185 2.221185 2.722566 2.470625 1.400016 
1.228514 2.422800 1.227888 1.228514 1.901397 1.901397 1.227888 3.291794 2.470625 1.459905 
2.422800 1.901397 1.228514 1.400016 2.299123 2.299123 2.530514 2.049057 1.227888 2.221185 
2.299123 2.722566 1.459905 2.722566 1.228514 2.422800 1.227888 1.459905 2.470625 2.221185 
2.422800 2.654192 2.470625 2.299123 2.221185 2.299123 2.470625 1.459905 1.227888 2.722566 
2.530514 2.299123 2.654192 1.227888 2.049057 1.980683 1.901397 2.299123 2.530514 2.221185 
